
% adopted from https://nasa.github.io/nasawds-site/components/colors/
function colors = cpal_nasa
colors = [0.0627    0.3569    0.8471
    0.8667    0.2118    0.1098
    0.1804    0.5216    0.2510
    1.0000    0.6157    0.1176
    0.2980    0.1725    0.5725
    1.0000    0.3922    0.1176
    0.0078    0.7490    0.9059
    1.0000    0.1608    0.4588
    0.1961    0.2275    0.2706
    0.6824    0.6902    0.7098];
end

