
function colors = cpal_simple
colors = [0    0.3451    0.6588
    0.8667    0.2118    0.1098
    0.1804    0.5216    0.2510
    1.0000    0.6157    0.1176
    0.2980    0.1725    0.5725
    1.0000    0.3922    0.1176
    0.0078    0.7490    0.9059
    1.0000    0.1608    0.4588
    0.1961    0.2275    0.2706
    0.6824    0.6902    0.7098
    0.7922    0.1176    0.1725
    0.2039    0.6549    0.2471
    0.9333    0.4392    0.1373
    0.4941    0.1451    0.5137
    0.9765    0.6706    0.0824
    0.2431    0.1804    0.5255
    0.7137    0.8196    0.1412
    0.3725    0.1647    0.5176
    0.9020    0.2863    0.1569
    1.0000    0.9451         0
         0    0.6157    0.4941];
end

