
function colors = cpal_memory
colors = [0    0.3255    0.8157
    0.9020    0.1255    0.0784
    0.3608    0.7098    0.1843
    1.0000    0.5451    0.0902
    0.6078         0    0.9098
    0.0078    0.3961    0.9922
    1.0000    0.1608    0.4588
    0.9569    0.6431    0.3765
    0.1608    0.0471    1.0000];
end

