function colors = cpal_material
    colors = ...
        [0.8329 0.8329 0.8329;
     0.6532 0.9762 0.3084;
     0.2449 0.7218 0.9095;
     0.9774 0.5053 0.2085;
     1.0000 0.1608 0.4588;
     0.4471 0.3255 0.9294];
end
